     u   l   t   r   a   m   i   c   r   o  s    c   o  p    i   c  a    l 
  p  1   2   3   4   5   6   7   8   9  10  11  12  13  13  14  15  16  17 
  n  2   2   3   4   5   6   7   8   9  10  11  12  13  14  14  15  16  17 
  e  3   3   3   4   5   6   7   8   9  10  11  12  13  14  15  15  16  17 
  u  3   4   4   4   5   6   7   8   9  10  11  12  13  14  15  16  16  17 
  m  4   4   5   5   5   5   6   7   8   9  10  11  12  13  14  15  16  17 
  o  5   5   5   6   6   6   6   7   8   8   9  10  11  12  13  14  15  16 
  n  6   6   6   6   7   7   7   7   8   9   9  10  11  12  13  14  15  16 
  o  7   7   7   7   7   8   8   8   8   8   9  10  10  11  12  13  14  15 
  u  7   8   8   8   8   8   9   9   9   9   9  10  11  11  12  13  14  15 
  l  8   7   8   9   9   9   9  10  10  10  10  10  11  12  12  13  14  14 
  t  9   8   7   8   9  10  10  10  11  11  11  11  11  12  13  13  14  15 
 r  10   9   8   7   8   9  10  11  10  11  12  12  12  12  13  14  14  15 
 a  11  10   9   8   7   8   9  10  11  11  12  13  13  13  13  14  14  15 
 m  12  11  10   9   8   7   8   9  10  11  12  13  14  14  14  14  15  15 
 i  13  12  11  10   9   8   7   8   9  10  11  12  13  14  14  15  15  16 
 c  14  13  12  11  10   9   8   7   8   9  10  11  12  13  14  14  15  16 
 r  15  14  13  12  11  10   9   8   7   8   9  10  11  12  13  14  15  16 
 o  16  15  14  13  12  11  10   9   8   7   8   9  10  11  12  13  14  15 

"pneumonoultramicro"
"ultramicroscopical"


"pneumonou"
"u"